n <- 30
pi_0 <- 0.2
mu_0 <- 5
seed <- 463847
