seed <- 986723661

n <- 18

theta_0_range <- 4:5

theta_0_sum <- 60

weights_range <- 0:1

weights_mean <- 1

