seed <- 98403864

d <- 20

n <- 30

theta_0_range <- c(10, 50)

theta_0_sum <- FALSE

weights_range <- 0:1

weights_mean <- 1