seed <- 98403864

d <- 10

n <- 10

theta_0_range <- c(1, 10)

theta_0_sum <- FALSE

weights_range <- 0:1

weights_mean <- 1