seed <- 23974630

n <- 18

theta_0_range <- 0:1

theta_0_sum <- 10

weights_range <- 0:1

weights_mean <- 1

