seed <- 569187821

d <- 18

n <- 1

theta_0_range <- 0:1

theta_0_sum <- 10

weights_range <- 0:1

weights_mean <- 1

